invalid thing inside the map

F			251,0 ,3 handle the tab
                       1
			11111111111 101111111111111
			1000000000110000000000001
			101100-001110000000000001
			10010000000000000000000011111111111                 
			1111111110110000011100000000000001                                          
			11111111111111111000000000110000011111111111111 
		11110111111 11101110000001000011111111
		111101111111110111010100100011
		11000000110101011100000010001
		10000000000000001100000010001
		1000000000000001101010010001
		11000001110101011111011110001
		11110111 1110101 1101111N10001
		11111111 1111111 111111111111
		11111111 1111111 111111111
								111
1
1
1
1
1
1
1
1
1
1

						 1	
			11111111111 101111111111111
			1000000000110000000000001
			101100-001110000000000001
			10010000000000000000000011111111111                 
			1111111110110000011100000000000001                                          
			11111111111111111000000000110000011111111111111 
		11110111111 11101110000001000011111111
		111101111111110111010100100011
		11000000110101011100000010001
		10000000000000001100000010001
		1000000000000001101010010001
		11000001110101011111011110001
		11110111 1110101 1101111N10001
		11111111 1111111 111111111111
		11111111 1111111 111111101
								111


textures ./ not 